28,365
28,364
28,363
28,362
28,361
28,360
28,359
28,358
28,357
28,356
28,355
28,354
28,353
28,352
28,351
28,350
28,349
28,348
28,347
28,346
28,345
28,344
28,343
28,342
28,341
28,340
28,339
28,338
28,337
28,336
28,335
28,334
28,333
28,332
28,331
28,330
0,367
0,412
0,322
0,351
0,411
0,307
0,404
28,3
0,415
0,388
0,403
21,3
0,376
0,396
0,332
25,3
0,350
0,329
27,3
23,21
0,441
23,4
23,3
0,208
0,207
0,339
0,1
0,320
0,410
0,349
0,375
0,326
28,1
0,364
28,0
28,2
0,373
0,413
0,366
0,432
0,300
0,299
0,298
0,297
0,296
0,295
0,294
0,293
0,292
0,291
0,290
0,289
0,288
0,287
0,286
0,285
0,284
0,283
0,282
0,281
0,280
0,279
0,278
0,277
0,276
0,275
0,274
0,273
0,272
0,271
0,270
0,269
0,268
0,267
0,266
0,265
0,264
0,263
0,262
0,261
0,260
0,259
0,258
0,257
0,256
0,255
0,254
0,253
0,252
0,251
0,250
0,249
0,248
0,247
0,246
0,245
0,244
0,242
0,241
0,240
0,239
0,238
0,237
0,236
0,235
0,234
0,233
0,232
0,231
0,230
0,229
0,228
0,227
0,226
0,225
0,224
0,223
0,222
0,221
0,220
0,219
0,218
0,217
0,216
0,215
0,214
0,213
0,206
0,205
0,204
0,389
0,203
0,371
0,202
0,399
0,201
0,310
0,200
0,374
0,199
0,323
0,198
0,354
0,197
0,439
0,196
0,348
0,195
0,194
0,193
0,362
0,192
0,315
0,63
0,324
0,62
0,429
0,61
0,361
0,60
0,0
0,330
0,59
0,424
0,58
0,57
0,56
0,55
0,54
0,53
0,52
0,51
0,50
0,49
0,48
0,47
0,46
0,45
0,6
0,212
0,372
0,211
0,355
0,210
0,344
0,209
28,366
0,384
0,359
0,316
0,428
0,435
0,390
0,321
0,370
0,381
0,365
0,327
0,434
0,343
0,314
0,309
0,347
0,313
0,407
0,409
0,419
0,386
0,380
0,358
0,438
0,445
0,442
0,418
0,401
0,319
0,387
